0.00000000e+00, 0.00000000e+00
1.82321055e-05, 7.32459826e-03
3.64675398e-05, 1.24875968e-02
5.47062991e-05, 1.82380304e-02
7.29483872e-05, 2.40583587e-02
9.11938114e-05, 2.98255216e-02
1.09442561e-04, 3.55123430e-02
1.27694642e-04, 4.11141105e-02
1.45950049e-04, 4.66313586e-02
1.64208803e-04, 5.20658083e-02
1.82470874e-04, 5.74193485e-02
2.00736278e-04, 6.26938865e-02
2.19005029e-04, 6.78913221e-02
2.37277098e-04, 7.30134547e-02
2.55552528e-04, 7.80620426e-02
2.73831276e-04, 8.30387473e-02
2.92113342e-04, 8.79452676e-02
3.10398784e-04, 9.27831605e-02
3.28687544e-04, 9.75539461e-02
3.46979621e-04, 1.02259159e-01
3.65275075e-04, 1.06900238e-01
3.83573846e-04, 1.11478552e-01
4.01875965e-04, 1.15995519e-01
4.20181401e-04, 1.20452404e-01
4.38490213e-04, 1.24850519e-01
4.56802343e-04, 1.29191071e-01
4.75117820e-04, 1.33475304e-01
4.93436644e-04, 1.37704372e-01
5.11758844e-04, 1.41879439e-01
5.30084304e-04, 1.46001562e-01
5.48413198e-04, 1.50071830e-01
5.66745410e-04, 1.54091328e-01
5.85080939e-04, 1.58060998e-01
6.03419845e-04, 1.61981851e-01
6.21762068e-04, 1.65854916e-01
6.40107668e-04, 1.69681028e-01
6.58456585e-04, 1.73461169e-01
6.76808879e-04, 1.77196160e-01
6.95164548e-04, 1.80886924e-01
7.13523536e-04, 1.84534252e-01
7.31885841e-04, 1.88138977e-01
7.50251522e-04, 1.91701829e-01
7.68620579e-04, 1.95223719e-01
7.86992954e-04, 1.98705271e-01
8.05368705e-04, 2.02147290e-01
8.23747832e-04, 2.05550492e-01
8.42130277e-04, 2.08915547e-01
8.60516098e-04, 2.12243125e-01
8.78905237e-04, 2.15533942e-01
8.97297810e-04, 2.18788594e-01
9.15693643e-04, 2.22007722e-01
9.34092910e-04, 2.25191981e-01
9.52495495e-04, 2.28341907e-01
9.70901456e-04, 2.31458142e-01
9.89310793e-04, 2.34541267e-01
1.00772339e-03, 2.37591743e-01
1.02613948e-03, 2.40610257e-01
1.04455883e-03, 2.43597269e-01
1.06298167e-03, 2.46553287e-01
1.08140777e-03, 2.49478847e-01
1.09983725e-03, 2.52374411e-01
1.11827010e-03, 2.55240530e-01
1.13670633e-03, 2.58077681e-01
1.15514593e-03, 2.60886282e-01
1.17358880e-03, 2.63666719e-01
1.19203515e-03, 2.66419530e-01
1.21048477e-03, 2.69145191e-01
1.22893788e-03, 2.71844089e-01
1.24739425e-03, 2.74516553e-01
1.26585399e-03, 2.77163118e-01
1.28431723e-03, 2.79784083e-01
1.30278373e-03, 2.82379925e-01
1.32125360e-03, 2.84950942e-01
1.33972685e-03, 2.87497580e-01
1.35820347e-03, 2.90020138e-01
1.37668347e-03, 2.92519093e-01
1.39516685e-03, 2.94994682e-01
1.41365360e-03, 2.97447205e-01
1.43214373e-03, 2.99877137e-01
1.45063724e-03, 3.02284688e-01
1.46913412e-03, 3.04670274e-01
1.48763438e-03, 3.07034165e-01
1.50613801e-03, 3.09376717e-01
1.52464502e-03, 3.11698109e-01
1.54315541e-03, 3.13998818e-01
1.56166917e-03, 3.16279024e-01
1.58018630e-03, 3.18538994e-01
1.59870682e-03, 3.20779085e-01
1.61723071e-03, 3.22999567e-01
1.63575797e-03, 3.25200647e-01
1.65428873e-03, 3.27382654e-01
1.67282275e-03, 3.29545796e-01
1.69136014e-03, 3.31690341e-01
1.70990103e-03, 3.33816558e-01
1.72844518e-03, 3.35924685e-01
1.74699281e-03, 3.38014990e-01
1.76554371e-03, 3.40087652e-01
1.78409810e-03, 3.42142999e-01
1.80265587e-03, 3.44181180e-01
1.82121689e-03, 3.46202344e-01
1.83978141e-03, 3.48206878e-01
1.85834942e-03, 3.50194901e-01
1.87692069e-03, 3.52166623e-01
1.89549534e-03, 3.54122281e-01
1.91407336e-03, 3.56062084e-01
1.93265488e-03, 3.57986212e-01
1.95123977e-03, 3.59894961e-01
1.96982804e-03, 3.61788273e-01
1.98841956e-03, 3.63666594e-01
2.00701458e-03, 3.65530014e-01
2.02561310e-03, 3.67378742e-01
2.04421487e-03, 3.69212955e-01
2.06282013e-03, 3.71032774e-01
2.08142865e-03, 3.72838378e-01
2.10004067e-03, 3.74630064e-01
2.11865618e-03, 3.76407862e-01
2.13727495e-03, 3.78172010e-01
2.15589721e-03, 3.79922688e-01
2.17452273e-03, 3.81659955e-01
2.19315174e-03, 3.83383989e-01
2.21178425e-03, 3.85095090e-01
2.23042001e-03, 3.86793256e-01
2.24905927e-03, 3.88478726e-01
2.26770178e-03, 3.90151620e-01
2.28634779e-03, 3.91812086e-01
2.30499730e-03, 3.93460184e-01
2.32365006e-03, 3.95096213e-01
2.34230631e-03, 3.96720171e-01
2.36096582e-03, 3.98332268e-01
2.37962883e-03, 3.99932653e-01
2.39829533e-03, 4.01521444e-01
2.41696509e-03, 4.03098702e-01
2.43563834e-03, 4.04664636e-01
2.45431508e-03, 4.06219393e-01
2.47299508e-03, 4.07762975e-01
2.49167858e-03, 4.09295589e-01
2.51036556e-03, 4.10817355e-01
2.52905581e-03, 4.12328362e-01
2.54774955e-03, 4.13828760e-01
2.56644655e-03, 4.15318638e-01
2.58514727e-03, 4.16798145e-01
2.60385103e-03, 4.18267369e-01
2.62255850e-03, 4.19726461e-01
2.64126924e-03, 4.21175480e-01
2.65998347e-03, 4.22614515e-01
2.67870096e-03, 4.24043655e-01
2.69742217e-03, 4.25463110e-01
2.71614641e-03, 4.26872849e-01
2.73487438e-03, 4.28273171e-01
2.75360560e-03, 4.29663926e-01
2.77234032e-03, 4.31045383e-01
2.79107853e-03, 4.32417631e-01
2.80982000e-03, 4.33780670e-01
2.82856496e-03, 4.35134590e-01
2.84731342e-03, 4.36479658e-01
2.86606513e-03, 4.37815785e-01
2.88482034e-03, 4.39143121e-01
2.90357904e-03, 4.40461785e-01
2.92234099e-03, 4.41771805e-01
2.94110645e-03, 4.43073273e-01
2.95987539e-03, 4.44366336e-01
2.97864783e-03, 4.45651054e-01
2.99742352e-03, 4.46927458e-01
3.01620271e-03, 4.48195726e-01
3.03498539e-03, 4.49455827e-01
3.05377156e-03, 4.50707912e-01
3.07256100e-03, 4.51951981e-01
3.09135392e-03, 4.53188241e-01
3.11015011e-03, 4.54416692e-01
3.12895002e-03, 4.55637366e-01
3.14775319e-03, 4.56850439e-01
3.16655985e-03, 4.58055884e-01
3.18536977e-03, 4.59253848e-01
3.20418342e-03, 4.60444391e-01
3.22300033e-03, 4.61627543e-01
3.24182073e-03, 4.62803394e-01
3.26064439e-03, 4.63971913e-01
3.27947177e-03, 4.65133429e-01
3.29830241e-03, 4.66287792e-01
3.31713655e-03, 4.67435092e-01
3.33597395e-03, 4.68575478e-01
3.35481507e-03, 4.69708949e-01
3.37365945e-03, 4.70835537e-01
3.39250732e-03, 4.71955389e-01
3.41135869e-03, 4.73068535e-01
3.43021331e-03, 4.74175036e-01
3.44907166e-03, 4.75274891e-01
3.46793327e-03, 4.76368189e-01
3.48679838e-03, 4.77455109e-01
3.50566674e-03, 4.78535503e-01
3.52453883e-03, 4.79609609e-01
3.54341418e-03, 4.80677396e-01
3.56229302e-03, 4.81738925e-01
3.58117535e-03, 4.82794225e-01
3.60006117e-03, 4.83843476e-01
3.61895026e-03, 4.84886557e-01
3.63784283e-03, 4.85923678e-01
3.65673890e-03, 4.86954778e-01
3.67563847e-03, 4.87979949e-01
3.69454152e-03, 4.88999277e-01
3.71344807e-03, 4.90012765e-01
3.73235787e-03, 4.91020471e-01
3.75127117e-03, 4.92022365e-01
3.77018796e-03, 4.93018687e-01
3.78910825e-03, 4.94009376e-01
3.80803179e-03, 4.94994462e-01
3.82695906e-03, 4.95974004e-01
3.84588959e-03, 4.96948093e-01
3.86482361e-03, 4.97916698e-01
3.88376112e-03, 4.98879939e-01
3.90270213e-03, 4.99837756e-01
3.92164662e-03, 5.00790417e-01
3.94059438e-03, 5.01737654e-01
3.95954587e-03, 5.02679765e-01
3.97850061e-03, 5.03616691e-01
3.99745908e-03, 5.04548430e-01
4.01642080e-03, 5.05475163e-01
4.03538579e-03, 5.06396770e-01
4.05435450e-03, 5.07313371e-01
4.07332648e-03, 5.08225024e-01
4.09230217e-03, 5.09131789e-01
4.11128113e-03, 5.10033607e-01
4.13026381e-03, 5.10930598e-01
4.14924975e-03, 5.11822760e-01
4.16823896e-03, 5.12710154e-01
4.18723188e-03, 5.13592780e-01
4.20622854e-03, 5.14470816e-01
4.22522798e-03, 5.15344083e-01
4.24423162e-03, 5.16212761e-01
4.26323805e-03, 5.17076910e-01
4.28224867e-03, 5.17936409e-01
4.30126209e-03, 5.18791497e-01
4.32027923e-03, 5.19641995e-01
4.33930010e-03, 5.20488143e-01
4.35832422e-03, 5.21329820e-01
4.37735161e-03, 5.22167087e-01
4.39638272e-03, 5.23000121e-01
4.41541709e-03, 5.23828804e-01
4.43445519e-03, 5.24653196e-01
4.45349701e-03, 5.25473297e-01
4.47254162e-03, 5.26289225e-01
4.49159043e-03, 5.27100980e-01
4.51064203e-03, 5.27908564e-01
4.52969735e-03, 5.28712034e-01
4.54875641e-03, 5.29511452e-01
4.56781872e-03, 5.30306816e-01
4.58688475e-03, 5.31098127e-01
4.60595405e-03, 5.31885386e-01
4.62502660e-03, 5.32668769e-01
4.64410288e-03, 5.33448160e-01
4.66318289e-03, 5.34223735e-01
4.68226569e-03, 5.34995317e-01
4.70135268e-03, 5.35763085e-01
4.72044293e-03, 5.36527038e-01
4.73953644e-03, 5.37287235e-01
4.75863367e-03, 5.38043618e-01
4.77773417e-03, 5.38796246e-01
4.79683839e-03, 5.39545178e-01
4.81594587e-03, 5.40290475e-01
4.83505707e-03, 5.41032016e-01
4.85417200e-03, 5.41769981e-01
4.87328973e-03, 5.42504370e-01
4.89241164e-03, 5.43235183e-01
4.91153635e-03, 5.43962359e-01
4.93066525e-03, 5.44686079e-01
4.94979694e-03, 5.45406222e-01
4.96893283e-03, 5.46122968e-01
4.98807197e-03, 5.46836257e-01
5.00721438e-03, 5.47546029e-01
5.02636051e-03, 5.48252404e-01
5.04550990e-03, 5.48955441e-01
5.06466301e-03, 5.49655139e-01
5.08381939e-03, 5.50351501e-01
5.10297948e-03, 5.51044524e-01
5.12214284e-03, 5.51734209e-01
5.14130993e-03, 5.52420676e-01
5.16048027e-03, 5.53103924e-01
5.17965434e-03, 5.53783834e-01
5.19883167e-03, 5.54460645e-01
5.21801272e-03, 5.55134237e-01
5.23719750e-03, 5.55804729e-01
5.25638554e-03, 5.56472003e-01
5.27557684e-03, 5.57136238e-01
5.29477187e-03, 5.57797253e-01
5.31397061e-03, 5.58455288e-01
5.33317262e-03, 5.59110343e-01
5.35237789e-03, 5.59762299e-01
5.37158689e-03, 5.60411215e-01
5.39079960e-03, 5.61057210e-01
5.41001558e-03, 5.61700165e-01
5.42923529e-03, 5.62340200e-01
5.44845825e-03, 5.62977254e-01
5.46768447e-03, 5.63611448e-01
5.48691489e-03, 5.64242661e-01
5.50614856e-03, 5.64871073e-01
5.52538550e-03, 5.65496624e-01
5.54462615e-03, 5.66119373e-01
5.56387007e-03, 5.66739261e-01
5.58311772e-03, 5.67356408e-01
5.60236908e-03, 5.67970634e-01
5.62162371e-03, 5.68582237e-01
5.64088160e-03, 5.69191039e-01
5.66014322e-03, 5.69797099e-01
5.67940855e-03, 5.70400536e-01
5.69867715e-03, 5.71001112e-01
5.71794948e-03, 5.71599126e-01
5.73722553e-03, 5.72194338e-01
5.75650437e-03, 5.72787106e-01
5.77578740e-03, 5.73377192e-01
5.79507370e-03, 5.73964596e-01
5.81436371e-03, 5.74549496e-01
5.83365699e-03, 5.75131714e-01
5.85295353e-03, 5.75711489e-01
5.87225426e-03, 5.76288640e-01
5.89155778e-03, 5.76863289e-01
5.91086550e-03, 5.77435434e-01
5.93017647e-03, 5.78005075e-01
5.94949070e-03, 5.78572214e-01
5.96880913e-03, 5.79136908e-01
5.98813035e-03, 5.79699218e-01
6.00745529e-03, 5.80258965e-01
6.02678396e-03, 5.80816329e-01
6.04611635e-03, 5.81371367e-01
6.06545201e-03, 5.81923902e-01
6.08479092e-03, 5.82474172e-01
6.10413356e-03, 5.83021998e-01
6.12347992e-03, 5.83567500e-01
6.14282954e-03, 5.84110677e-01
6.16218289e-03, 5.84651470e-01
6.18153997e-03, 5.85190058e-01
6.20090030e-03, 5.85726321e-01
6.22026436e-03, 5.86260259e-01
6.23963168e-03, 5.86791933e-01
6.25900272e-03, 5.87321401e-01
6.27837703e-03, 5.87848723e-01
6.29775506e-03, 5.88373721e-01
6.31713681e-03, 5.88896453e-01
6.33652182e-03, 5.89417100e-01
6.35591056e-03, 5.89935422e-01
6.37530256e-03, 5.90451717e-01
6.39469828e-03, 5.90965748e-01
6.41409773e-03, 5.91477692e-01
6.43350044e-03, 5.91987491e-01
6.45290688e-03, 5.92495203e-01
6.47231657e-03, 5.93000710e-01
6.49172999e-03, 5.93504250e-01
6.51114713e-03, 5.94005585e-01
6.53056754e-03, 5.94504952e-01
6.54999167e-03, 5.95002234e-01
6.56941906e-03, 5.95497429e-01
6.58885064e-03, 5.95990598e-01
6.60828501e-03, 5.96481740e-01
6.62772357e-03, 5.96970916e-01
6.64716540e-03, 5.97458005e-01
6.66661048e-03, 5.97943127e-01
6.68605929e-03, 5.98426342e-01
6.70551183e-03, 5.98907590e-01
6.72496809e-03, 5.99386811e-01
6.74442761e-03, 5.99864125e-01
6.76389039e-03, 6.00339472e-01
6.78335736e-03, 6.00812972e-01
6.80282759e-03, 6.01284444e-01
6.82230107e-03, 6.01754069e-01
6.84177829e-03, 6.02221847e-01
6.86125923e-03, 6.02687716e-01
6.88074389e-03, 6.03151739e-01
6.90023182e-03, 6.03613853e-01
6.91972347e-03, 6.04074180e-01
6.93921838e-03, 6.04532659e-01
6.95871701e-03, 6.04989171e-01
6.97821938e-03, 6.05444014e-01
6.99772500e-03, 6.05897009e-01
7.01723434e-03, 6.06348217e-01
7.03674741e-03, 6.06797636e-01
7.05626374e-03, 6.07245266e-01
7.07578380e-03, 6.07691109e-01
7.09530758e-03, 6.08135223e-01
7.11483462e-03, 6.08577549e-01
7.13436538e-03, 6.09018266e-01
7.15389941e-03, 6.09457135e-01
7.17343716e-03, 6.09894276e-01
7.19297864e-03, 6.10329688e-01
7.21252384e-03, 6.10763431e-01
7.23207230e-03, 6.11195564e-01
7.25162448e-03, 6.11625910e-01
7.27117993e-03, 6.12054646e-01
7.29073910e-03, 6.12481654e-01
7.31030200e-03, 6.12907052e-01
7.32986862e-03, 6.13330722e-01
7.34943850e-03, 6.13752842e-01
7.36901211e-03, 6.14173293e-01
7.38858897e-03, 6.14592075e-01
7.40816956e-03, 6.15009308e-01
7.42775388e-03, 6.15424931e-01
7.44734192e-03, 6.15838945e-01
7.46693322e-03, 6.16251409e-01
7.48652825e-03, 6.16662264e-01
7.50612654e-03, 6.17071509e-01
7.52572902e-03, 6.17479265e-01
7.54533475e-03, 6.17885411e-01
7.56494375e-03, 6.18290007e-01
7.58455694e-03, 6.18693113e-01
7.60417338e-03, 6.19094610e-01
7.62379309e-03, 6.19494677e-01
7.64341699e-03, 6.19893193e-01
7.66304415e-03, 6.20290160e-01
7.68267456e-03, 6.20685637e-01
7.70230917e-03, 6.21079624e-01
7.72194704e-03, 6.21472239e-01
7.74158863e-03, 6.21863246e-01
7.76123349e-03, 6.22252822e-01
7.78088253e-03, 6.22640908e-01
7.80053483e-03, 6.23027682e-01
7.82019086e-03, 6.23412848e-01
7.83985015e-03, 6.23796582e-01
7.85951316e-03, 6.24178946e-01
7.87917990e-03, 6.24559820e-01
7.89884944e-03, 6.24939442e-01
7.91852362e-03, 6.25317454e-01
7.93820061e-03, 6.25694156e-01
7.95788225e-03, 6.26069427e-01
7.97756668e-03, 6.26443386e-01
7.99725484e-03, 6.26815856e-01
8.01694673e-03, 6.27187014e-01
8.03664234e-03, 6.27556801e-01
8.05634074e-03, 6.27925217e-01
8.07604380e-03, 6.28292263e-01
8.09574965e-03, 6.28657997e-01
8.11545923e-03, 6.29022360e-01
8.13517254e-03, 6.29385412e-01
8.15488957e-03, 6.29747093e-01
8.17461032e-03, 6.30107462e-01
8.19433387e-03, 6.30466580e-01
8.21406208e-03, 6.30824327e-01
8.23379308e-03, 6.31180704e-01
8.25352874e-03, 6.31535947e-01
8.27326719e-03, 6.31889880e-01
8.29300936e-03, 6.32242441e-01
8.31275433e-03, 6.32593751e-01
8.33250396e-03, 6.32943749e-01
8.35225731e-03, 6.33292556e-01
8.37201346e-03, 6.33640051e-01
8.39177426e-03, 6.33986294e-01
8.41153786e-03, 6.34331286e-01
8.43130518e-03, 6.34675205e-01
8.45107622e-03, 6.35017693e-01
8.47085100e-03, 6.35358989e-01
8.49062856e-03, 6.35699093e-01
8.51041079e-03, 6.36037946e-01
8.53019580e-03, 6.36375606e-01
8.54998548e-03, 6.36712074e-01
8.56977794e-03, 6.37047350e-01
8.58957414e-03, 6.37381375e-01
8.60937405e-03, 6.37714267e-01
8.62917770e-03, 6.38045967e-01
8.64898413e-03, 6.38376534e-01
8.66879523e-03, 6.38705850e-01
8.68860912e-03, 6.39034092e-01
8.70842766e-03, 6.39361084e-01
8.72824900e-03, 6.39686882e-01
8.74807406e-03, 6.40011609e-01
8.76790285e-03, 6.40335202e-01
8.78773537e-03, 6.40657604e-01
8.80757160e-03, 6.40978932e-01
8.82741157e-03, 6.41299129e-01
8.84725433e-03, 6.41618192e-01
8.86710174e-03, 6.41936123e-01
8.88695195e-03, 6.42252922e-01
8.90680589e-03, 6.42568588e-01
8.92666355e-03, 6.42883241e-01
8.94652493e-03, 6.43196762e-01
8.96639004e-03, 6.43509150e-01
8.98625888e-03, 6.43820465e-01
9.00613144e-03, 6.44130766e-01
9.02600680e-03, 6.44439936e-01
9.04588681e-03, 6.44748032e-01
9.06576961e-03, 6.45055056e-01
9.08565708e-03, 6.45361066e-01
9.10554733e-03, 6.45666003e-01
9.12544131e-03, 6.45969808e-01
9.14533902e-03, 6.46272600e-01
9.16524045e-03, 6.46574378e-01
9.18514561e-03, 6.46875143e-01
9.20505356e-03, 6.47174776e-01
9.22496617e-03, 6.47473454e-01
9.24488157e-03, 6.47771120e-01
9.26480163e-03, 6.48067772e-01
9.28472448e-03, 6.48363352e-01
9.30465106e-03, 6.48657918e-01
9.32458136e-03, 6.48951530e-01
9.34451539e-03, 6.49244130e-01
9.36445314e-03, 6.49535716e-01
9.38439462e-03, 6.49826288e-01
9.40433983e-03, 6.50115848e-01
9.42428783e-03, 6.50404572e-01
9.44424048e-03, 6.50692165e-01
9.46419593e-03, 6.50978863e-01
9.48415603e-03, 6.51264608e-01
9.50411893e-03, 6.51549339e-01
9.52408556e-03, 6.51833057e-01
9.54405591e-03, 6.52115881e-01
9.56402998e-03, 6.52397752e-01
9.58400778e-03, 6.52678609e-01
9.60398931e-03, 6.52958572e-01
9.62397456e-03, 6.53237641e-01
9.64396354e-03, 6.53515697e-01
9.66395531e-03, 6.53792799e-01
9.68395174e-03, 6.54069066e-01
9.70395096e-03, 6.54344320e-01
9.72395390e-03, 6.54618740e-01
9.74396151e-03, 6.54892147e-01
9.76397190e-03, 6.55164719e-01
9.78398602e-03, 6.55436337e-01
9.80400387e-03, 6.55707061e-01
9.82402544e-03, 6.55976832e-01
9.84405074e-03, 6.56245828e-01
9.86407977e-03, 6.56513810e-01
9.88411158e-03, 6.56780899e-01
9.90414806e-03, 6.57047272e-01
9.92418826e-03, 6.57312632e-01
9.94423125e-03, 6.57577157e-01
9.96427890e-03, 6.57840729e-01
9.98432934e-03, 6.58103466e-01
1.00043835e-02, 6.58365309e-01
1.00244423e-02, 6.58626437e-01
1.00445040e-02, 6.58886492e-01
1.00645693e-02, 6.59145832e-01
1.00846384e-02, 6.59404337e-01
1.01047112e-02, 6.59661889e-01
1.01247877e-02, 6.59918666e-01
1.01448679e-02, 6.60174549e-01
1.01649510e-02, 6.60429597e-01
1.01850387e-02, 6.60683870e-01
1.02051301e-02, 6.60937250e-01
1.02252243e-02, 6.61189854e-01
1.02453232e-02, 6.61441624e-01
1.02654248e-02, 6.61692500e-01
1.02855312e-02, 6.61942661e-01
1.03056403e-02, 6.62191987e-01
1.03257531e-02, 6.62440419e-01
1.03458697e-02, 6.62688136e-01
1.03659909e-02, 6.62935019e-01
1.03861149e-02, 6.63181067e-01
1.04062427e-02, 6.63426399e-01
1.04263742e-02, 6.63670838e-01
1.04465093e-02, 6.63914561e-01
1.04666483e-02, 6.64157450e-01
1.04867900e-02, 6.64399564e-01
1.05069363e-02, 6.64640903e-01
1.05270864e-02, 6.64881468e-01
1.05472403e-02, 6.65121317e-01
1.05673969e-02, 6.65360332e-01
1.05875582e-02, 6.65598512e-01
1.06077222e-02, 6.65835977e-01
1.06278909e-02, 6.66072726e-01
1.06480625e-02, 6.66308701e-01
1.06682386e-02, 6.66543841e-01
1.06884176e-02, 6.66778326e-01
1.07086003e-02, 6.67012095e-01
1.07287867e-02, 6.67245030e-01
1.07489778e-02, 6.67477250e-01
1.07691716e-02, 6.67708695e-01
1.07893692e-02, 6.67939365e-01
1.08095706e-02, 6.68169498e-01
1.08297756e-02, 6.68398738e-01
1.08499844e-02, 6.68627262e-01
1.08701969e-02, 6.68855011e-01
1.08904131e-02, 6.69082105e-01
1.09106330e-02, 6.69308484e-01
1.09308567e-02, 6.69534147e-01
1.09510832e-02, 6.69759035e-01
1.09713143e-02, 6.69983268e-01
1.09915491e-02, 6.70206845e-01
1.10117877e-02, 6.70429587e-01
1.10320291e-02, 6.70651674e-01
1.10522751e-02, 6.70873106e-01
1.10725248e-02, 6.71093822e-01
1.10927774e-02, 6.71313882e-01
1.11130346e-02, 6.71533108e-01
1.11332946e-02, 6.71751738e-01
1.11535592e-02, 6.71969712e-01
1.11738266e-02, 6.72187030e-01
1.11940987e-02, 6.72403574e-01
1.12143736e-02, 6.72619402e-01
1.12346523e-02, 6.72834635e-01
1.12549355e-02, 6.73049271e-01
1.12752216e-02, 6.73263073e-01
1.12955114e-02, 6.73476279e-01
1.13158058e-02, 6.73688829e-01
1.13361031e-02, 6.73900664e-01
1.13564041e-02, 6.74111903e-01
1.13767087e-02, 6.74322486e-01
1.13970172e-02, 6.74532413e-01
1.14173302e-02, 6.74741685e-01
1.14376461e-02, 6.74950302e-01
1.14579657e-02, 6.75158262e-01
1.14782890e-02, 6.75365567e-01
1.14986161e-02, 6.75572217e-01
1.15189468e-02, 6.75778210e-01
1.15392813e-02, 6.75983608e-01
1.15596196e-02, 6.76188409e-01
1.15799615e-02, 6.76392496e-01
1.16003072e-02, 6.76595926e-01
1.16206566e-02, 6.76798820e-01
1.16410097e-02, 6.77001119e-01
1.16613666e-02, 6.77202702e-01
1.16817271e-02, 6.77403688e-01
1.17020914e-02, 6.77604139e-01
1.17224595e-02, 6.77803874e-01
1.17428312e-02, 6.78003013e-01
1.17632067e-02, 6.78201497e-01
1.17835859e-02, 6.78399503e-01
1.18039688e-02, 6.78596735e-01
1.18243555e-02, 6.78793490e-01
1.18447458e-02, 6.78989530e-01
1.18651399e-02, 6.79185092e-01
1.18855368e-02, 6.79379940e-01
1.19059384e-02, 6.79574370e-01
1.19263437e-02, 6.79768026e-01
1.19467527e-02, 6.79961145e-01
1.19671654e-02, 6.80153728e-01
1.19875818e-02, 6.80345654e-01
1.20080020e-02, 6.80537045e-01
1.20284259e-02, 6.80727839e-01
1.20488536e-02, 6.80918097e-01
1.20692849e-02, 6.81107640e-01
1.20897191e-02, 6.81296706e-01
1.21101579e-02, 6.81485176e-01
1.21306004e-02, 6.81673110e-01
1.21510467e-02, 6.81860447e-01
1.21714966e-02, 6.82047248e-01
1.21919503e-02, 6.82233453e-01
1.22124078e-02, 6.82419121e-01
1.22328689e-02, 6.82604194e-01
1.22533338e-02, 6.82788670e-01
1.22738024e-02, 6.82972670e-01
1.22942748e-02, 6.83156073e-01
1.23147508e-02, 6.83338940e-01
1.23352306e-02, 6.83521271e-01
1.23557141e-02, 6.83703065e-01
1.23762013e-02, 6.83884203e-01
1.23966923e-02, 6.84064925e-01
1.24171870e-02, 6.84245050e-01
1.24376854e-02, 6.84424639e-01
1.24581875e-02, 6.84603631e-01
1.24786943e-02, 6.84782207e-01
1.24992039e-02, 6.84960246e-01
1.25197172e-02, 6.85137630e-01
1.25402343e-02, 6.85314536e-01
1.25607550e-02, 6.85490906e-01
1.25812804e-02, 6.85666859e-01
1.26018086e-02, 6.85842156e-01
1.26223406e-02, 6.86016977e-01
1.26428762e-02, 6.86191201e-01
1.26634166e-02, 6.86364949e-01
1.26839597e-02, 6.86538279e-01
1.27045065e-02, 6.86710954e-01
1.27250580e-02, 6.86883211e-01
1.27456123e-02, 6.87054932e-01
1.27661712e-02, 6.87226117e-01
1.27867330e-02, 6.87396765e-01
1.28072994e-02, 6.87566936e-01
1.28278686e-02, 6.87736630e-01
1.28484424e-02, 6.87905788e-01
1.28690191e-02, 6.88074470e-01
1.28896004e-02, 6.88242674e-01
1.29101854e-02, 6.88410342e-01
1.29307741e-02, 6.88577533e-01
1.29513657e-02, 6.88744247e-01
1.29719619e-02, 6.88910365e-01
1.29925618e-02, 6.89076185e-01
1.30131654e-02, 6.89241350e-01
1.30337728e-02, 6.89406037e-01
1.30543839e-02, 6.89570367e-01
1.30749987e-02, 6.89734101e-01
1.30956173e-02, 6.89897358e-01
1.31162396e-02, 6.90060139e-01
1.31368656e-02, 6.90222502e-01
1.31574953e-02, 6.90384328e-01
1.31781287e-02, 6.90545738e-01
1.31987659e-02, 6.90706551e-01
1.32194078e-02, 6.90867066e-01
1.32400524e-02, 6.91026986e-01
1.32607007e-02, 6.91186428e-01
1.32813537e-02, 6.91345513e-01
1.33020096e-02, 6.91504002e-01
1.33226700e-02, 6.91662133e-01
1.33433333e-02, 6.91819727e-01
1.33640012e-02, 6.91976905e-01
1.33846719e-02, 6.92133605e-01
1.34053472e-02, 6.92289889e-01
1.34260263e-02, 6.92445636e-01
1.34467091e-02, 6.92601025e-01
1.34673947e-02, 6.92755878e-01
1.34880850e-02, 6.92910314e-01
1.35087790e-02, 6.93064332e-01
1.35294767e-02, 6.93217814e-01
1.35501781e-02, 6.93370938e-01
1.35708842e-02, 6.93523645e-01
1.35915931e-02, 6.93675816e-01
1.36123057e-02, 6.93827629e-01
1.36330221e-02, 6.93978906e-01
1.36537431e-02, 6.94129765e-01
1.36744669e-02, 6.94280207e-01
1.36951953e-02, 6.94430232e-01
1.37159266e-02, 6.94579780e-01
1.37366625e-02, 6.94728911e-01
1.37574021e-02, 6.94877684e-01
1.37781445e-02, 6.95025921e-01
1.37988916e-02, 6.95173800e-01
1.38196424e-02, 6.95321262e-01
1.38403969e-02, 6.95468307e-01
1.38611551e-02, 6.95614874e-01
1.38819171e-02, 6.95760965e-01
1.39026828e-02, 6.95906699e-01
1.39234522e-02, 6.96052074e-01
1.39442263e-02, 6.96196973e-01
1.39650032e-02, 6.96341455e-01
1.39857847e-02, 6.96485519e-01
1.40065691e-02, 6.96629167e-01
1.40273580e-02, 6.96772397e-01
1.40481498e-02, 6.96915209e-01
1.40689462e-02, 6.97057724e-01
1.40897464e-02, 6.97199643e-01
1.41105503e-02, 6.97341263e-01
1.41313579e-02, 6.97482467e-01
1.41521692e-02, 6.97623253e-01
1.41729843e-02, 6.97763681e-01
1.41938031e-02, 6.97903693e-01
1.42146256e-02, 6.98043227e-01
1.42354527e-02, 6.98182404e-01
1.42562827e-02, 6.98321223e-01
1.42771173e-02, 6.98459625e-01
1.42979547e-02, 6.98597670e-01
1.43187968e-02, 6.98735297e-01
1.43396426e-02, 6.98872447e-01
1.43604921e-02, 6.99009299e-01
1.43813454e-02, 6.99145794e-01
1.44022023e-02, 6.99281812e-01
1.44230630e-02, 6.99417472e-01
1.44439274e-02, 6.99552715e-01
1.44647956e-02, 6.99687660e-01
1.44856684e-02, 6.99822128e-01
1.45065440e-02, 6.99956298e-01
1.45274242e-02, 7.00090051e-01
1.45483073e-02, 7.00223386e-01
1.45691950e-02, 7.00356364e-01
1.45900864e-02, 7.00488985e-01
1.46109816e-02, 7.00621247e-01
1.46318804e-02, 7.00753093e-01
1.46527831e-02, 7.00884581e-01
1.46736894e-02, 7.01015770e-01
1.46946004e-02, 7.01146483e-01
1.47155141e-02, 7.01276779e-01
1.47364317e-02, 7.01406837e-01
1.47573538e-02, 7.01536477e-01
1.47782797e-02, 7.01665759e-01
1.47992093e-02, 7.01794684e-01
1.48201426e-02, 7.01923192e-01
1.48410797e-02, 7.02051461e-01
1.48620205e-02, 7.02179193e-01
1.48829650e-02, 7.02306688e-01
1.49039133e-02, 7.02433825e-01
1.49248661e-02, 7.02560544e-01
1.49458218e-02, 7.02686965e-01
1.49667822e-02, 7.02812970e-01
1.49877463e-02, 7.02938676e-01
1.50087141e-02, 7.03063965e-01
1.50296856e-02, 7.03189015e-01
1.50506608e-02, 7.03313649e-01
1.50716398e-02, 7.03437865e-01
1.50926225e-02, 7.03561842e-01
1.51136098e-02, 7.03685403e-01
1.51346000e-02, 7.03808665e-01
1.51555948e-02, 7.03931510e-01
1.51765933e-02, 7.04054058e-01
1.51975947e-02, 7.04176247e-01
1.52186006e-02, 7.04298139e-01
1.52396113e-02, 7.04419672e-01
1.52606247e-02, 7.04540849e-01
1.52816419e-02, 7.04661727e-01
1.53026637e-02, 7.04782188e-01
1.53236883e-02, 7.04902351e-01
1.53447175e-02, 7.05022216e-01
1.53657505e-02, 7.05141664e-01
1.53867872e-02, 7.05260873e-01
1.54078277e-02, 7.05379725e-01
1.54288718e-02, 7.05498278e-01
1.54499197e-02, 7.05616355e-01
1.54709723e-02, 7.05734253e-01
1.54920276e-02, 7.05851734e-01
1.55130876e-02, 7.05968916e-01
1.55341513e-02, 7.06085801e-01
1.55552188e-02, 7.06202388e-01
1.55762900e-02, 7.06318498e-01
1.55973649e-02, 7.06434429e-01
1.56184444e-02, 7.06550002e-01
1.56395268e-02, 7.06665277e-01
1.56606138e-02, 7.06780255e-01
1.56817045e-02, 7.06894815e-01
1.57027990e-02, 7.07009137e-01
1.57238971e-02, 7.07123101e-01
1.57449991e-02, 7.07236826e-01
1.57661047e-02, 7.07350075e-01
1.57872140e-02, 7.07463145e-01
1.58083271e-02, 7.07575917e-01
1.58294458e-02, 7.07688272e-01
1.58505663e-02, 7.07800388e-01
1.58716924e-02, 7.07912207e-01
1.58928204e-02, 7.08023667e-01
1.59139540e-02, 7.08134890e-01
1.59350894e-02, 7.08245754e-01
1.59562305e-02, 7.08356261e-01
1.59773752e-02, 7.08466530e-01
1.59985237e-02, 7.08576500e-01
1.60196759e-02, 7.08686054e-01
1.60408318e-02, 7.08795488e-01
1.60619915e-02, 7.08904564e-01
1.60831548e-02, 7.09013283e-01
1.61043238e-02, 7.09121764e-01
1.61254946e-02, 7.09229887e-01
1.61466692e-02, 7.09337711e-01
1.61678493e-02, 7.09445298e-01
1.61890313e-02, 7.09552526e-01
1.62102189e-02, 7.09659517e-01
1.62314102e-02, 7.09766209e-01
1.62526052e-02, 7.09872603e-01
1.62738040e-02, 7.09978700e-01
1.62950046e-02, 7.10084498e-01
1.63162127e-02, 7.10189939e-01
1.63374227e-02, 7.10295200e-01
1.63586363e-02, 7.10400105e-01
1.63798537e-02, 7.10504770e-01
1.64010748e-02, 7.10609078e-01
1.64223015e-02, 7.10713208e-01
1.64435301e-02, 7.10816920e-01
1.64647643e-02, 7.10920513e-01
1.64860021e-02, 7.11023688e-01
1.65072419e-02, 7.11126626e-01
1.65284872e-02, 7.11229265e-01
1.65497363e-02, 7.11331606e-01
1.65709890e-02, 7.11433709e-01
1.65922455e-02, 7.11535573e-01
1.66135058e-02, 7.11637139e-01
1.66347716e-02, 7.11738348e-01
1.66560393e-02, 7.11839378e-01
1.66773107e-02, 7.11940050e-01
1.66985877e-02, 7.12040484e-01
1.67198665e-02, 7.12140620e-01
1.67411510e-02, 7.12240517e-01
1.67624392e-02, 7.12340176e-01
1.67837311e-02, 7.12439537e-01
1.68050267e-02, 7.12538600e-01
1.68263260e-02, 7.12637424e-01
1.68476291e-02, 7.12735951e-01
1.68689359e-02, 7.12834179e-01
1.68902464e-02, 7.12932169e-01
1.69115625e-02, 7.13029981e-01
1.69328805e-02, 7.13127434e-01
1.69542041e-02, 7.13224590e-01
1.69755295e-02, 7.13321507e-01
1.69968605e-02, 7.13418186e-01
1.70181952e-02, 7.13514626e-01
1.70395337e-02, 7.13610828e-01
1.70608759e-02, 7.13706732e-01
1.70822218e-02, 7.13802338e-01
1.71035714e-02, 7.13897765e-01
1.71249248e-02, 7.13992834e-01
1.71462819e-02, 7.14087725e-01
1.71676446e-02, 7.14182317e-01
1.71890091e-02, 7.14276612e-01
1.72103792e-02, 7.14370728e-01
1.72317531e-02, 7.14464545e-01
1.72531307e-02, 7.14558184e-01
1.72745120e-02, 7.14651525e-01
1.72958970e-02, 7.14744568e-01
1.73172858e-02, 7.14837372e-01
1.73386782e-02, 7.14929938e-01
1.73600744e-02, 7.15022326e-01
1.73814762e-02, 7.15114355e-01
1.74028799e-02, 7.15206206e-01
1.74242891e-02, 7.15297759e-01
1.74457002e-02, 7.15389132e-01
1.74671169e-02, 7.15480208e-01
1.74885374e-02, 7.15571105e-01
1.75099615e-02, 7.15661645e-01
1.75313894e-02, 7.15752065e-01
1.75528210e-02, 7.15842187e-01
1.75742581e-02, 7.15932012e-01
1.75956972e-02, 7.16021657e-01
1.76171418e-02, 7.16111064e-01
1.76385883e-02, 7.16200173e-01
1.76600404e-02, 7.16289103e-01
1.76814962e-02, 7.16377735e-01
1.77029558e-02, 7.16466188e-01
1.77244190e-02, 7.16554403e-01
1.77458860e-02, 7.16642320e-01
1.77673567e-02, 7.16730058e-01
1.77888311e-02, 7.16817498e-01
1.78103112e-02, 7.16904759e-01
1.78317931e-02, 7.16991842e-01
1.78532805e-02, 7.17078626e-01
1.78747699e-02, 7.17165112e-01
1.78962648e-02, 7.17251480e-01
1.79177634e-02, 7.17337549e-01
1.79392658e-02, 7.17423379e-01
1.79607719e-02, 7.17508972e-01
1.79822836e-02, 7.17594385e-01
1.80037972e-02, 7.17679560e-01
1.80253163e-02, 7.17764497e-01
1.80468373e-02, 7.17849195e-01
1.80683639e-02, 7.17933714e-01
1.80898942e-02, 7.18017995e-01
1.81114282e-02, 7.18101919e-01
1.81329660e-02, 7.18185782e-01
1.81545075e-02, 7.18269408e-01
1.81760527e-02, 7.18352735e-01
1.81976017e-02, 7.18435824e-01
1.82191562e-02, 7.18518794e-01
1.82407126e-02, 7.18601525e-01
1.82622746e-02, 7.18683958e-01
1.82838403e-02, 7.18766212e-01
1.83054097e-02, 7.18848228e-01
1.83269829e-02, 7.18930066e-01
1.83485597e-02, 7.19011664e-01
1.83701403e-02, 7.19093025e-01
1.83917265e-02, 7.19174147e-01
1.84133146e-02, 7.19255149e-01
1.84349082e-02, 7.19335914e-01
1.84565037e-02, 7.19416440e-01
1.84781048e-02, 7.19496727e-01
1.84997097e-02, 7.19576776e-01
1.85213182e-02, 7.19656646e-01
1.85429323e-02, 7.19736338e-01
1.85645483e-02, 7.19815791e-01
1.85861681e-02, 7.19895065e-01
1.86077934e-02, 7.19974041e-01
1.86294205e-02, 7.20052898e-01
1.86510533e-02, 7.20131457e-01
1.86726898e-02, 7.20209837e-01
1.86943300e-02, 7.20288038e-01
1.87159739e-02, 7.20366061e-01
1.87376235e-02, 7.20443845e-01
1.87592749e-02, 7.20521390e-01
1.87809318e-02, 7.20598757e-01
1.88025907e-02, 7.20675886e-01
1.88242551e-02, 7.20752895e-01
1.88459232e-02, 7.20829606e-01
1.88675951e-02, 7.20906138e-01
1.88892707e-02, 7.20982492e-01
1.89109500e-02, 7.21058667e-01
1.89326350e-02, 7.21134603e-01
1.89543217e-02, 7.21210361e-01
1.89760141e-02, 7.21285880e-01
1.89977083e-02, 7.21361220e-01
1.90194082e-02, 7.21436381e-01
1.90411117e-02, 7.21511304e-01
1.90628190e-02, 7.21586049e-01
1.90845318e-02, 7.21660554e-01
1.91062465e-02, 7.21735001e-01
1.91279668e-02, 7.21809030e-01
1.91496890e-02, 7.21882999e-01
1.91714168e-02, 7.21956730e-01
1.91931482e-02, 7.22030342e-01
1.92148834e-02, 7.22103715e-01
1.92366224e-02, 7.22176850e-01
1.92583650e-02, 7.22249806e-01
1.92801133e-02, 7.22322643e-01
1.93018634e-02, 7.22395241e-01
1.93236191e-02, 7.22467661e-01
1.93453785e-02, 7.22539842e-01
1.93671416e-02, 7.22611845e-01
1.93889085e-02, 7.22683728e-01
1.94106791e-02, 7.22755313e-01
1.94324534e-02, 7.22826838e-01
1.94542333e-02, 7.22898006e-01
1.94760151e-02, 7.22969115e-01
1.94978025e-02, 7.23040044e-01
1.95195936e-02, 7.23110735e-01
1.95413884e-02, 7.23181188e-01
1.95631869e-02, 7.23251581e-01
1.95849892e-02, 7.23321676e-01
1.96067970e-02, 7.23391652e-01
1.96286067e-02, 7.23461449e-01
1.96504220e-02, 7.23531067e-01
1.96722411e-02, 7.23600388e-01
1.96940638e-02, 7.23669648e-01
1.97158903e-02, 7.23738730e-01
1.97377205e-02, 7.23807633e-01
1.97595563e-02, 7.23876238e-01
1.97813939e-02, 7.23944724e-01
1.98032372e-02, 7.24013090e-01
1.98250841e-02, 7.24081218e-01
1.98469348e-02, 7.24149168e-01
1.98687892e-02, 7.24216938e-01
1.98906474e-02, 7.24284589e-01
1.99125092e-02, 7.24351883e-01
1.99343767e-02, 7.24419832e-01
1.99562460e-02, 7.24483907e-01
1.99781209e-02, 7.24566638e-01
1.99999996e-02, 7.24619806e-01
